60881317
98914733
39382185
90390815
73930165
49383093
76365110
15001319
22682009
90678712
59141804
25085863
44791095
14240318
27007880
15618432
97183975
44021596
73585792
89273402
14000631
67894919
53302371
17153375
22790613
90086599
48462375
64597869
68850959
58324593
13473854
28241154
21043192
67413869
33154084
40987175
19668014
81163695
57939250
65548982
99357532
24677807
19049112
53804442
17911041
36629550
56255868
47094069
81661413
93384797
37928843
75467868
89258881
20996710
24301950
89951586
95963230
39420172
58853881
56257138
70208916
99674778
70396216
48220357
44721683
36590373
67315933
34041025
13253433
71710226
77225558
40348984
32313889
26660984
54238742
40434513
81043152
20576952
45374094
19805030
28658723
79754127
38506285
50705096
33418532
83516673
47689672
27109886
93768677
90810460
80982103
25655591
40840142
37787611
40092264
86112996
82833225
80388845
46280790
79473245
94138689
81996927
51545267
24764477
95350829
72892388
33363309
73168217
74965759
35057686
32735613
67261247
13376835
87756700
80930589
73223232
79601132
46750735
30336082
91861755
41332136
44996694
61791856
73210235
83133276
48058022
16008864
78180692
37710760
74783609
18064106
50897566
70652868
23171339
69075688
88356525
55279976
45072114
19848442
18793618
35420408
61305223
80105565
75568826
15927779
62012217
51451995
70389272
38111133
38665113
95927685
20416527
92688437
90087210
78533214
82645184
42120079
96131531
32774470
82077030
31269658
48729284
84358148
68654890
14753153
37886340
29613279
37877161
89272071
64569703
37624037
76641079
58543005
51271477
68863002
53343663
11049902
78455044
87788176
64934808
68696101
49140047
83034029
38525228
92883128
11528429
15592114
54443073
66795625
70329333
56917315
31390945
49886348
86297326
93349051
44753518
66104753
70844223
98482009
63232541
12776788
10883557
39681120
90126729
12391320
67453677
61172613
40761512
49394814
11592126
79040476
26264564
85177778
80326078
73290893
62959532
50146850
84171273
95983860
92651271
12071134
52965269
21541866
41141760
30904995
36326808
46596364
45534553
48911749
82706215
88615231
96075834
59849410
67245859
21705973
20735929
14239744
33406149
76765971
96323782
21999970
41491154
36091429
66722924
11876269
41463627
95111319
70074509
79078027
45437094
31530739
76856619
19591006
81080725
56392548
43022529
80413743
39328135
49673685
27814942
46767765
41913493
35715571
16923359
54957400
95509959
13554736
83943623
53714475
73867054
99869565
27155001
89296695
20806570
33611566
45737659
22882067
42548363
46860977
26549167
14167730
20405304
41729847
93546261
90838686
94014862
20605287
98371886
29516167
87757267
81457546
37634290
26991253
93488535
53051448
50625357
90187615
63817539
96155390
13402103
59242957
22029894
20298599
30524322
33165030
88636671
79305939
71051960
19623251
46172635
64366353
82891383
42999512
91497020
73155226
98385318
49125763
94020712
23773946
90691491
37867448
33006950
91544158
65649335
88104930
70563560
31060305
84233054
80474475
89627458
52816977
14674232
46293930
21729081
74467738
35263681
73576063
70670817
53775291
27805667
23283787
45470206
49618522
84315683
67540593
82631790
66390224
38012400
84530336
48928738
49921355
36400238
61925741
16443269
80942127
47189618
33186155
29971252
81513995
62990606
90510047
44554296
35632972
77343420
37916003
58441460
58383971
39542753
70292750
63805947
14206497
74880694
63486533
84374598
29082842
86065025
24861213
53299265
95820186
76092132
17290932
43213414
29834244
87386849
61340067
12913204
38705702
97401979
41981599
44251333
12120113
22037629
62305871
98536671
95664037
98699180
50286364
32025775
63769959
79631721
19608047
85644860
34203861
75914013
73801652
95133794
63246190
58746255
23883389
60225560
74450390
95910962
34131949
17448240
68585297
10457372
20216756
17930194
68566977
28501382
60804869
37827502
23241735
58183530
40714784
39840466
55223588
47224607
31998933
95395426
90254389
30005265
49218368
90855182
13162930
29028049
75071058
51065033
73064358
86127202
36633209
84264367
94874964
33145937
89374796
10439990
88217062
85562009
23187693
73066740
14997823
29146194
36706335
20182305
64589850
75147073
71231147
92101004
56002049
46495144
22101862
78576799
81527471
87902728
82767755
12977768
14158802
58352091
41526136
99811219
85274002
48549523
81171936
31830413
69703001
76443318
13218172
92395491
50035689
33946688
82980259
35714131
89314744
15951269
32400829
11881899
17680736
72449361
28116054
80494514
49642967
60057743
43618464
20836833
12170202
33411205
31549944
89949260
39048827
41872519
39183731
41619204
46135103
18406808
86836141
57858972
81012657
68644357
91230215
79873072
11310055
17607155
61259699
21623985
96161192
87429422
27491786
77848430
38763709
25472046
67910194
80606834
83439242
95451052
88868943
89539002
83641892
44916697
29241194
48573354
29135220
64972207
92461952
84214893
45217910
31423081
21331551
80712763
92867467
11259624
65941311
47056678
78467731
80933198
11283549
77114404
80173769
17269715
18262687
90540659
17435200
82659234
13994007
16273730
78691753
61039818
16658530
89344631
35914248
77445394
18455707
40116869
59501889
59741516
79676067
48286338
89884472
23022751
13560113
93426972
13081469
33289198
83347359
95462311
75985948
23503852
35018564
80106684
93768760
48387419
62487786
97219128
43167025
66696333
11593887
66203486
86906179
82884289
75949868
89314067
14814641
54795289
21303748
56793842
40447799
20963741
48446575
59406866
91496028
10626017
97407907
13600187
54309737
26752681
97069196
91637132
75371910
69011587
54122310
13612570
55615643
39599727
49747716
89604934
47839254
51659068
77733824
98376967
48575007
12030880
11177861
32032732
97115810
84726240
88616940
57429404
25309460
80493701
54225840
10440617
50066105
10346464
82113623
80572100
34935647
90034939
79823902
23854720
44646986
20356389
26604066
28540585
59328207
78019116
36541469
42961829
41531084
45711743
20959880
52530157
67498359
50723947
48723002
96327048
85538886
19878597
31512921
85775486
95906250
99584965
74201480
23974086
14567000
26605850
48767068
28820791
60959254
92578621
79737619
31656601
32845040
58560200
42519333
64579017
94273779
28244616
95813180
85745721
97551117
50860111
78250621
70322295
31964980
81680184
10457491
16421710
16646102
23733030
31208874
17353336
70281975
59196988
63715280
86464599
38654343
32375787
46666953
70580440
10313845
15541318
37782043
91916512
94695463
50930313
83234347
37966354
76541480
65741813
30741014
85430586
17553947
27406672
93027387
65451199
75889321
32779227
59294968
32014725
29160675
85063443
98719474
80799092
93866186
39338412
66377165
47414643
14440051
36229924
41947705
84383790
86998277
53388838
92786077
71856229
11684881
76928298
76180562
69883760
10543633
31383482
59444893
26575216
75778616
48558206
72553099
73136281
74149133
12365840
61829713
87246111
91839788
17177828
21880196
74421346
45850086
47028229
48883015
80937410
51449457
94306731
42438302
41657371
58535944
29236253
65484690
31988034
11259631
68998821
40328289
40157461
80827323
31857894
55754165
17591170
73937065
59253772
20942714
15020225
99863202
13201804
18867719
73723628
59439905
14098028
83255116
41445968
16523784
31177798
93447491
93648168
65121603
68950794
56271541
81343831
95269426
25392397
94705397
48754919
82849067
71965814
69058009
88763085
62676872
19828352
17474199
42762531
73479708
61129827
71730122
38396316
99020420
82785161
59047461
59311740
48039565
21574469
76381389
84282608
81525119
28648186
28014786
53838713
91751515
18991013
64221383
38345668
77864341
13076458
47505600
57562485
10551605
13016249
14204572
23787268
69720810
98100710
10791709
71950377
80101442
48826455
23313059
79215274
50176077
94895940
98358674
80927332
63343607
46663847
64879042
41003176
23885866
88181809
20304401
97256302
87350157
70151498
45749953
35205194
51771577
58836459
82103151
10454282
96345630
26532812
91273535
11994940
26774331
94881819
33575756
47579919
64651722
65252583
91302505
23239089
28703184
72322477
50190707
38342818
29716800
52434715
83951919
92222693
75752059
75847164
21961136
83926312
95155676
31825559
10719542
58992030
83711499
46841488
26701492
76953837
18060688
39729808
57580180
86762437
65756749
78557431
61378232
28026641
19642275
28711656
50132948
29084409
11178815
35684055
49034627
77872754
44560700
10637649
29942674
79889574
71824850
78905607
83527473
80381155
39997056
74069950
70063692
58194333
94098013
24861250
60749610
38259897
46189914
31311592
32222593
85659828
53269235
41721222
66300928
27585948
90336415
40201627
12697771
25596173
73347209
22880899
88897019
80630183
60586525
36275383
75443074
78671697
22304162
16843159
91935604
79971594
80324186
34730358
60080408
29183118
41862237
79539053
37982620
85457316
86978484
39358646
41253098
39869785
16702228
57129612
29971025
62343962
13215389
32739320
25237830
40163328
56606491
13148184
82348898
96831138
38588787
11871998
27083037
80676797
80440034
85680052
72163517
66146438
38083363
39678895
97059005
98073870
56262439
55017698
55825531
87486420
77285732
69473863
56695487
23820125
57040468
18268060
83210420
88333820
96716588
44797828
76237821
43544229
88560501
56614215
75843759
75744450
74674176
51779774
94946474
43255577
94054704
51373098
32749577
46565035
96878089
57146196
73156256
62720389
37350605
35095946
72581914
54858261
78873701
67924412
68213105
87307409
24665269
70265887
86947123
23240528
52676258
41523424
81602204
60817824
57751490
39396935
68321772
24690915
94702536
43745185
80357452
66347575
29915235
80581019
26166568
96989264
15560337
50825343
33280458
36363878
68527260
97084434
31619013
79648289
38455020
54010815
76859492
52250402
89404183
65656072
49331151
79027347
73673132
70395770
45523487
84663033
42520299
93483389
19132802
74344334
73330617
83646742
92947386
62756358
87883110
77744256
72424138
58190520
58846687
88739569
46084703
32895104
44208292
99207200
11724443
28531130
77005651
11398204
45243957
16058590
98456600
12106817
53791653
28061940
64819303
98101955
49053508
28741566
76484919
47961093
91744640
89913657
38547891
85164791
12542640
77284308
91928610
90709625
11236809
37215352
85417274
58675069
48448927
35383756
15892725
62551033
28192089
18353306
89602949
46568332
21611161
72477037
23980495
12624970
77803423
43356044
56656707
20362143
86823722
88027817
16535020
28745965
24896576
22607871
71935417
64078747
96198161
61597475
74109632
68971942
95766100
37796414
42305829
99094781
59783063
75608455
89003583
16455210
90926469
27363895
94143839
65746341
47560382
14356291
81858397
69042601
20279985
99635857
24383112
54202392
34785738
98140045
33322604
26148713
60214148
83333577
67057317
69848580
19715363
26888818
67895295
77969342
19595921
33730631
65014775
92838202
93787509
97117656
28872883
42986865
44559806
67703227
65384687
56846558
71374588
78741910
14513114
58138919
35657766
74761440
84993058
61933807
97114400
70723984
42295992
78183205
82754245
12366182
69979316
77310738
66289014
55890596
45962212
92568576
73842047
54726368
26876328
58385994
76290664
33752715
93518350
44640073
85280365
80619480
69685893
76922800
10391099
78896922
46937568
51595175
17551045
82658544
67449593
99652981
17772793
42398754
25253930
50793317
26379201
76564217
87372539
50882797
55553071
91846555
42547015
32140332
65158085
71259696
23289321
41737595
41378671
32089648
62697115
62016237
53801262
60142385
81949871
84948593
61414948
80240198
27093765
86167737
31293372
98986083
37763632
59958362
46672776
31118814
16633534
36200101
12468427
11500487
28813336
66672192
91226202
73304373
52088241
75952314
90473890
41429101
84716114
96366124
30881207
79749109
49310750
61231803
55937466
52021254
30909617
11567407
40614525
43998262
73242285
74096488
92680935
43701597
72342015
18003047
51400597
77448083
96768480
69269919
25831041
54372854
77170199
62448099
80294034
79151671
15822749
16965723
92487777
21821713
54358521
39434959
21644158
23756805
89628408
55084659
58602654
79649251
30210364
95405154
37138413
34509082
64786749
33221967
30324602
40856688
29130858
46788857
21264123
88742867
43855339
92773860
35344444
52367182
35751026
28830745
85620161
27192591
87095485
46460496
88356198
65793766
96746171
12682113
94776036
64438190
20068206
97354972
62058934
47961870
40574611
94700721
21365600
41070871
54411919
63435691
43831419
71460298
49879157
72540029
12396697
89131033
70879332
26520825
75172522
91776571
39895915
67923115
11749989
94199066
84486058
62780925
11184719
84191472
71787962
45224388
74380926
77573208
87935328
59040010
20792080
98991250
86080157
96918338
36491463
38719877
72720791
28276148
14282952
48531289
64750873
14906662
25162248
38247313
30979648
88394904
27580158
55866778
30055486
62878201
71165601
82076253
24102638
42895780
41148669
30029579
76912568
13564879
32191935
17584040
56778183
73669135
25012244
99674415
90665978
38995433
85671556
65930865
88797984
26848939
81965473
94293199
94553899
99699704
68969368
32656905
18690606
33757738
41304547
91017353
11812520
53374267
49145423
58662312
58032157
35581228
98994003
38943874
87819899
66164733
85085358
48878870
12068339
55295589
73628055
54827476
22217107
28452916
18416430
16491217
65711768
93382492
44006686
62523248
35122831
80807529
71838309
59120883
81260978
45090720
94307058
78205352
59368815
66691628
60827464
29994672
25013465
22291100
23999167
73723278
52951253
47408822
53902773
66305801
90488838
29470751
11876559
89411147
84446111
77323056
13121660
23004135
68702795
46292139
69304856
78342428
27492027
11527189
17893556
33924107
24340279
92699312
78443865
40409261
42141848
56073116
28149437
80818877
73882563
93178443
82914532
98125247
83717196
82856891
35827504
45537608
73799199
27277890
14006463
84164289
55920579
62881285
91576904
43454361
71028865
96883178
17303339
45307517
68123689
68363150
29692156
89642446
45618628
87360101
48220084
86921976
25941075
75517427
57634175
51504434
24559175
59375917
53688517
30063859
84517918
53431602
12413222
16751482
28862029
75780671
78531585
67656105
19549824
66770391
65841318
15105197
59119424
13904945
26538953
76653888
67487869
70743984
91068158
23360819
96369577
62267878
68374517
74717905
86245286
93659099
28372577
90451048
80762827
76789151
41772456
32504343
24977485
22901163
58308976
52810520
64432730
92012675
22869875
54869846
96493274
21388708
75900391
97414931
72336916
33542550
31286912
30488814
16071261
97225841
37247083
91334807
34356234
55977195
29730937
70551723
46641155
25534808
92244846
61322285
56496350
63385076
80709713
20207730
45462173
11663352
59888877
29433948
95126486
90402074
22730910
87755027
29853508
22464321
89346023
38551714
47120090
38192200
54590332
91122002
97387232
76204107
87319430
73406523
14712799
64921363
19092621
10578363
27050547
60768000
83171403
45593633
66407509
33017669
64767368
24730064
38829069
85823945
87270964
70748367
31818471
32524935
19080010
76694841
86985334
22174894
37772952
60412410
86531719
29188513
29348059
66194063
33293400
41257481
43729978
49660774
15132178
60534181
14829549
95566818
42132466
14865980
92349969
53305050
83184274
66197454
15370774
94541971
47593123
22747932
64608518
51165568
31331913
23163543
81170325
93647370
37806798
38963383
59353634
11209617
27074399
70312338
60903591
16185121
39645044
93628794
83043186
13097332
81317003
70009214
92655462
78342059
19755611
81118724
34524175
89550047
73292573
64226712
53829739
31316093
27072557
21918091
76015478
99757294
18471867
32107871
75445594
19533668
67845595
12561762
37032146
46656818
31149888
90130263
66648068
35189671
13354548
55200949
35134923
23565298
60536278
97071909
85030627
46261403
71759713
86801578
71535544
99824902
20015285
90084722
95471206
58309128
19095705
64597311
67831890
59815927
48734113
97374755
36726213
44663152
89162006
56318817
13971224
46909201
89343201
15433764
37314827
95458049
62723415
81015952
96028315
96919533
57184358
40218535
74085499
97713016
17527067
53296189
21708639
54007420
24432393
46423007
70280892
79151239
68352715
28995904
27389316
26363108
70669968
29472634
15583838
81266323
45835384
90603386
96310892
37784580
62143461
86035074
57444109
87699201
72678988
90066169
65408648
75629405
20203818
93461169
46249711
66622714
62059887
30831176
16714184
28810576
15769818
51212749
75357728
25788602
50661935
57063850
45430091
44940973
41678290
17007571
46671684
49009911
40694200
28042772
62229469
58578199
77533639
42505349
55385128
45702576
62824907
92811165
97739786
30313742
49764513
35846021
54739395
83948707
67130673
68229201
80247545
56017844
68635829
40445030
58029423
15272611
52597226
45464698
65702121
52223902
53335663
47515452
76955229
61329539
42744882
18358724
42898579
65532170
46804900
44538379
42950099
59655665
83585023
83135550
20937820
53727287
96692225
72572045
89412348
10660615
68292107
77791957
61066756
64765332
10622061
19783703
13653833
73782659
30440074
94474324
89490166
18257760
80838421
59450728
58035393
60179807
95477195
91546935
93276598
57127585
90901611
55490902
20864665
63470320
98933728
80323245
97640101
53126061
93683480
81213047
45800561
70883447
16681397
48110091
80456133
61584597
67713320
32153478
43363791
32621674
56357345
85268194
59634576
10381128
73179428
81501330
36150454
56432916
71278253
53299534
20927849
64447137
32431284
68713639
70841004
42523076
64978450
48748268
86201769
16630686
41786483
27958618
59436242
15387399
13223461
79779056
96490974
20206015
74262040
69602199
86380073
65471388
27390885
60832053
70127839
15308527
66912423
41334830
60005564
56326854
47459588
14795765
90632750
52956583
19804017
37684831
80677908
46497532
63486453
99023311
48149771
